MIIRKI
V0400
llUl311EEi
JE KRATJE
2 Plain 13-103
15210P Hurmerueer Zuid
075-5400711
Bin 1 van de 2.000 kratjes 001 prnducten
0970272015 11 11 90175 I
5 30945 Bertha j
nant Dmschrijuing Prijs waarde
500 500 5
1 0000 0010 2500 1.51 1.79 1.79 1
Emba11age berekend 0.25 0.25
1 00115115 0.05300011 1.27 1.27 s
1 103315 0.01131 1.75 1.75
1 0003 0.000335 1.45 1.45 2
1 0010 051115 0.00111 1.19 1.19 3
1 00011150000001 0.79 0.79  1
1 0011051 50000003 1.79 1.79 
12 0.0510 11 0.59 1.10 0
2 100 01001010050115 1.59 3.33 3
1 100 5.3 0.85 5.0
1 0001115 010 11 0.59 0.59 f
1 000050 1.0050 00220 2.29 2.29 r1
1 01220 0131000015 100 2.35 2.35 E3
1 05 0011150 000001500 0.93 0.93 .i
1 1011315 00051 0510 1.49 1.49 10
2 005050 00010 00 1.09 2.13 gg
f 1 100 000110 mrlncnc 1 -an - an 

